// serotype resistance

Sero30 <PopSize, BetaS, BetaR, Imm, Tau, BirthRate>
n_strains          = 60
n_hosts            = <PopSize>
w = 17, 13.6, 30, 24, 29, 23.2, 23, 18.4, 26, 20.8, 22, 17.6, 28, 22.4, 24, 19.2, 21, 16.8, 27, 21.6, 12, 9.6, 10, 8, 11, 8.8, 14, 11.2, 5, 4, 2, 1.6, 3, 2.4, 18, 14.4, 15, 12, 16, 12.8, 25, 20, 20, 16, 19, 15.2, 4, 3.2, 1, 0.8, 8, 6.4, 13, 10.4, 6, 4.8, 9, 7.2, 7, 5.6
beta               = <BetaS>, <BetaR>, <BetaS>, <BetaR>, <BetaS>, <BetaR>, <BetaS>, <BetaR>, <BetaS>, <BetaR>, <BetaS>, <BetaR>, <BetaS>, <BetaR>, <BetaS>, <BetaR>, <BetaS>, <BetaR>, <BetaS>, <BetaR>, <BetaS>, <BetaR>, <BetaS>, <BetaR>, <BetaS>, <BetaR>, <BetaS>, <BetaR>, <BetaS>, <BetaR>, <BetaS>, <BetaR>, <BetaS>, <BetaR>, <BetaS>, <BetaR>, <BetaS>, <BetaR>, <BetaS>, <BetaR>, <BetaS>, <BetaR>, <BetaS>, <BetaR>, <BetaS>, <BetaR>, <BetaS>, <BetaR>, <BetaS>, <BetaR>, <BetaS>, <BetaR>, <BetaS>, <BetaR>, <BetaS>, <BetaR>, <BetaS>, <BetaR>, <BetaS>, <BetaR>
u                  = 0.403939796, 0.218040621, 0.228524919, 0.3242715, 0.31037415, 0.34137673, 0.24931694, 0.313897489, 0.34253003, 0.281635802, 0.491383953, 0.535504695, 0.527151935, 0.44995069, 0.565365551, 0.749178982, 0.686606471, 0.392980189, 0.414961346, 0.412149955, 0.313250944, 0.346826302, 0.35742264, 0.603505291, 0.777919864, 0.55102657, 0.479758149, 0.561193112, 0.540260509, 0.553030303
k                  = 1
tau                = <Tau>
iota               = 1e-3
min_carriage       = 3e-5
min_carriers       = 1
init               = 0.05
immunity           = <Imm>
birth_rate         = <BirthRate>
t_max              = 4800
t_step             = 0.001
report             = 1000
fileout            = ./Runs/3-SeroRes/<$Name>.txt

[sero_noimm_b3_2] : Sero30 <1000000, 3.2, 2.88, false, 0.035, 0>
[sero_imm_b3_2]   : Sero30 <1000000, 3.2, 2.88, true,  0.035, 0.01666666667>
[sero_imm_b3_2_sigma]   : Sero30 <100000, 3.2, 2.88, true,  0.04, 0.01666666667>
t_step = 0.03125
report = 32
sigma = 0.92

[sero_imm_b3_2_sigma2]   : Sero30 <100000, 3.2, 2.88, true,  0.025, 0.01666666667>
t_step = 0.03125
report = 32
sigma = 0.90
w = 1,1,1,1,1,1,1,1,1,1,1,1,1,1,1,1,1,1,1,1,1,1,1,1,1,1,1,1,1,1,1,1,1,1,1,1,1,1,1,1,1,1,1,1,1,1,1,1,1,1,1,1,1,1,1,1,1,1,1,1

[sero_imm_b3_2_sigma3]   : Sero30 <1000000, 3.2, 2.88, true,  0.025, 0.01666666667>
t_step = 0.03125
report = 32
sigma = 0.90
w = 1,1,1,1,1,1,1,1,1,1,1,1,1,1,1,1,1,1,1,1,1,1,1,1,1,1,1,1,1,1,1,1,1,1,1,1,1,1,1,1,1,1,1,1,1,1,1,1,1,1,1,1,1,1,1,1,1,1,1,1

[sero_imm_b3_2_sigma4]   : Sero30 <1000000, 3.2, 3.04, true,  0.0125, 0.01666666667>
t_step = 0.03125
report = 32
sigma = 0.90
w = 1,1,1,1,1,1,1,1,1,1,1,1,1,1,1,1,1,1,1,1,1,1,1,1,1,1,1,1,1,1,1,1,1,1,1,1,1,1,1,1,1,1,1,1,1,1,1,1,1,1,1,1,1,1,1,1,1,1,1,1

[sero_imm_b3_2_sigma5]   : Sero30 <1000000, 3.2, 2.72, true,  0.04, 0.01666666667>
t_step = 0.03125
report = 32
sigma = 0.90
w = 1,1,1,1,1,1,1,1,1,1,1,1,1,1,1,1,1,1,1,1,1,1,1,1,1,1,1,1,1,1,1,1,1,1,1,1,1,1,1,1,1,1,1,1,1,1,1,1,1,1,1,1,1,1,1,1,1,1,1,1